Semilla 42: S = [1, 3, 5, 8, 9, 11, 14, 20, 23, 25, 26, 27, 28, 29, 31, 32, 33]

  - Test 1 cubre: [2, 3, 4, 7, 8, 10, 11]
  - Test 3 cubre: [2, 3, 5, 6, 7, 8, 10, 12]
  - Test 5 cubre: [1, 2, 5, 7, 8, 10, 11]
  - Test 8 cubre: [14, 15, 16, 18, 22, 29, 31, 32, 39, 43, 47, 48, 50, 51]
  - Test 9 cubre: [14, 15, 17, 18, 21, 22, 25, 29, 32, 39, 47, 49, 50, 51]
  - Test 11 cubre: [13, 14, 17, 18, 22, 29, 32, 39, 47, 48, 50, 51]
  - Test 14 cubre: [19, 20, 26, 27, 28, 29, 30, 31, 32, 33, 34, 36, 37, 38, 39, 40, 41, 42, 43, 44, 45, 46, 47]
  - Test 20 cubre: [70, 81, 82, 83, 85]
  - Test 23 cubre: [56, 58, 59, 61, 63, 67, 68, 69, 70, 73, 74, 75, 76, 77, 78, 79, 81, 82, 86, 87, 88, 89, 90, 91, 92, 93]
  - Test 25 cubre: [95, 96, 97, 98, 99, 100, 107, 108, 109, 111, 113, 114, 115, 117, 118, 119, 121, 124, 125, 126, 127, 128, 130, 131, 132, 133, 134, 135, 136, 138, 139, 140, 141, 142, 143, 144, 145, 146, 147, 148, 149, 150, 151, 152, 153, 154, 155, 156, 157, 158, 159, 160, 161, 162, 163, 164, 165, 166, 167, 168, 169, 170, 171, 172, 173, 174, 177, 179, 181, 183, 185, 186, 187, 188, 189, 190, 191, 192, 193, 194, 195, 196, 197, 198, 199, 200, 201, 202, 203, 204, 205, 206, 207, 208, 209, 215, 216, 217, 218, 219, 220, 221, 222, 225, 226, 228, 229, 230, 232, 233, 234, 235, 236, 237, 238, 239, 240, 241, 242, 243, 244, 245, 247, 248, 249, 250, 251, 252, 253]
  - Test 26 cubre: [95, 96, 97, 98, 99, 100, 101, 102, 103, 104, 105, 106, 107, 108, 109, 110, 111, 112, 113, 114, 115, 116, 117, 118, 119, 120, 121, 122, 123, 124, 125, 126, 127, 128, 129, 130, 131, 132, 133, 134, 135, 136, 137, 138, 139, 140, 141, 142, 143, 144, 145, 146, 147, 148, 149, 150, 151, 152, 153, 154, 155, 156, 157, 158, 159, 160, 161, 162, 163, 164, 165, 166, 167, 168, 169, 170, 171, 172, 173, 177, 179, 181, 183, 185, 186, 187, 188, 189, 190, 191, 192, 193, 194, 195, 196, 197, 198, 199, 200, 201, 202, 203, 204, 205, 206, 207, 208, 209, 210, 212, 213, 215, 216, 217, 218, 219, 220, 221, 222, 223, 225, 226, 228, 229, 230, 232, 233, 234, 235, 236, 237, 238, 239, 240, 241, 242, 243, 244, 245, 246, 247, 248, 249, 250, 251, 252, 253]
  - Test 27 cubre: [259, 260, 261, 262, 264, 266, 267, 268, 269, 270, 272, 273, 274, 276, 277, 283, 290, 291, 292, 293, 294, 298, 327, 331, 334, 336, 337, 338, 339, 340, 342, 343, 344, 362, 363, 364, 365, 366, 367, 368, 384, 389, 390, 391, 392, 393, 420, 424, 425, 459, 460, 479, 480, 481, 482, 487, 500, 502, 503, 505, 506, 507, 520, 522, 523, 525, 526, 527, 544, 546, 547, 549, 560, 564, 567, 569, 571, 572, 574, 575, 576, 579, 581, 582, 586, 615, 621, 631, 637, 646, 649, 652, 654, 656, 667, 673, 704, 707, 708, 709, 715, 717, 734, 737, 746, 750, 756, 759, 760, 761, 763, 764, 766, 767, 773, 774, 775, 776, 777, 778, 779, 780, 781, 783, 784, 785, 786, 789, 791, 795, 796, 797, 804, 816, 817, 818, 819, 820, 821, 828, 837, 842, 843, 844, 847, 851, 856, 857, 861, 863, 864, 865, 866, 867, 868, 869, 870, 874, 875, 876, 877, 878, 879, 880, 881, 882]
  - Test 28 cubre: [271, 272, 273, 274, 276, 277, 278, 279, 280, 281, 282, 362, 363, 364, 365, 366, 367, 368, 378, 383, 390, 500, 502, 503, 505, 506, 507, 509, 511, 513, 519, 520, 523, 549, 555, 572, 615, 621, 631, 637, 646, 657, 710, 711, 712, 713, 746, 749, 750, 754, 756, 757, 758, 759, 760, 763, 766, 767, 789, 791, 794, 798, 802, 813, 814, 815, 817, 818, 819, 820, 821, 828, 833, 834, 835, 836, 837, 841, 844, 848, 849, 850, 851, 852, 853]
  - Test 29 cubre: [259, 260, 261, 262, 263, 264, 266, 267, 268, 269, 270, 271, 272, 273, 274, 276, 277, 283, 290, 291, 292, 293, 294, 295, 296, 298, 299, 300, 301, 302, 303, 304, 305, 306, 307, 309, 310, 311, 312, 313, 314, 315, 316, 317, 318, 320, 321, 322, 323, 324, 325, 326, 327, 328, 329, 331, 333, 334, 335, 336, 337, 338, 339, 340, 342, 343, 344, 348, 349, 350, 351, 352, 353, 354, 355, 356, 357, 358, 359, 360, 361, 362, 363, 364, 365, 366, 367, 368, 371, 384, 387, 389, 390, 391, 392, 393, 394, 396, 398, 400, 402, 404, 406, 408, 410, 412, 414, 416, 420, 422, 425, 427, 428, 429, 430, 431, 432, 433, 434, 436, 437, 438, 439, 440, 441, 442, 443, 444, 445, 446, 447, 448, 449, 450, 451, 452, 453, 454, 455, 456, 457, 458, 459, 460, 461, 463, 464, 465, 466, 467, 468, 469, 470, 471, 472, 473, 474, 475, 476, 477, 478, 479, 480, 481, 482, 483, 484, 485, 486, 487, 489, 490, 491, 492, 493, 494, 495, 496, 497, 498, 500, 502, 503, 505, 506, 507, 509, 511, 513, 520, 522, 523, 525, 526, 527, 529, 530, 531, 532, 533, 534, 535, 537, 538, 539, 541, 542, 544, 546, 548, 557, 558, 560, 564, 567, 569, 571, 574, 575, 576, 579, 590, 609, 615, 621, 628, 631, 637, 638, 646, 649, 652, 654, 656, 664, 667, 673, 674, 686, 687, 688, 689, 698, 702, 704, 706, 707, 708, 709, 714, 715, 716, 717, 724, 725, 734, 745, 750, 751, 752, 754, 756, 757, 758, 759, 760, 761, 763, 764, 765, 766, 767, 769, 770, 771, 773, 774, 775, 776, 777, 778, 780, 781, 789, 817, 818, 819, 820, 821, 824, 825, 826, 827, 828, 829, 830, 831, 832, 833, 834, 835, 836, 837, 841, 842, 843, 844, 847, 849, 850, 851, 855, 856, 857, 858, 859, 860, 861, 863, 864, 865, 866, 867, 868, 869, 870, 871, 872, 885]
  - Test 31 cubre: [259, 260, 261, 262, 263, 264, 265, 266, 267, 268, 269, 270, 271, 272, 273, 274, 276, 277, 283, 290, 291, 292, 293, 294, 295, 296, 298, 299, 300, 301, 302, 303, 304, 305, 306, 307, 309, 310, 311, 312, 313, 314, 315, 316, 317, 318, 320, 321, 322, 323, 324, 325, 326, 327, 328, 329, 334, 335, 336, 337, 338, 339, 340, 342, 343, 344, 360, 361, 362, 363, 364, 365, 366, 367, 368, 369, 370, 371, 372, 373, 374, 375, 376, 377, 384, 389, 390, 391, 392, 393, 394, 395, 396, 398, 399, 400, 401, 402, 404, 405, 406, 407, 408, 410, 411, 412, 413, 414, 416, 417, 420, 424, 425, 426, 436, 437, 438, 439, 440, 441, 442, 443, 444, 445, 446, 447, 448, 449, 450, 451, 452, 453, 454, 455, 456, 457, 458, 459, 460, 461, 462, 463, 464, 465, 466, 467, 468, 469, 470, 471, 472, 473, 474, 475, 476, 477, 478, 479, 480, 481, 482, 483, 484, 485, 486, 487, 500, 502, 503, 505, 506, 507, 509, 511, 513, 514, 515, 518, 520, 522, 523, 525, 526, 527, 529, 530, 531, 532, 533, 534, 535, 537, 538, 539, 541, 542, 544, 546, 548, 549, 559, 560, 561, 564, 567, 569, 571, 574, 575, 576, 579, 590, 615, 621, 628, 631, 637, 638, 646, 649, 652, 654, 656, 664, 667, 673, 674, 686, 688, 702, 704, 706, 707, 708, 709, 714, 715, 716, 717, 724, 733, 734, 739, 740, 744, 745, 746, 750, 754, 756, 757, 758, 759, 760, 761, 763, 764, 766, 767, 768, 769, 770, 771, 773, 774, 775, 776, 777, 778, 780, 781, 789, 790, 817, 818, 819, 820, 821, 822, 828, 832, 833, 834, 835, 836, 837, 841, 842, 843, 844, 847, 849, 850, 851, 852, 855, 856, 857, 858, 859, 860, 861, 863, 864, 865, 866, 867, 868, 869, 870, 871, 872, 885]
  - Test 32 cubre: [259, 260, 261, 262, 264, 266, 267, 268, 269, 270, 271, 272, 273, 274, 276, 277, 283, 290, 291, 292, 293, 294, 295, 296, 298, 299, 300, 301, 302, 303, 304, 305, 306, 307, 309, 310, 311, 312, 313, 314, 315, 316, 317, 318, 320, 321, 322, 323, 324, 325, 326, 327, 328, 329, 331, 332, 333, 334, 335, 336, 337, 338, 339, 340, 342, 343, 344, 360, 361, 362, 363, 364, 365, 366, 367, 368, 384, 389, 390, 391, 392, 393, 394, 396, 400, 402, 406, 408, 412, 414, 420, 425, 436, 437, 438, 439, 440, 441, 442, 443, 444, 445, 446, 447, 448, 449, 450, 451, 452, 453, 455, 456, 457, 458, 459, 460, 461, 463, 464, 465, 466, 467, 468, 469, 470, 471, 472, 473, 474, 475, 476, 477, 478, 479, 480, 481, 482, 483, 484, 485, 486, 487, 500, 502, 503, 505, 506, 507, 509, 511, 513, 520, 522, 523, 525, 526, 527, 529, 530, 531, 532, 533, 534, 535, 537, 538, 539, 541, 542, 544, 546, 548, 549, 559, 560, 561, 564, 567, 569, 571, 574, 575, 576, 579, 590, 615, 621, 628, 631, 637, 638, 646, 649, 652, 654, 656, 664, 667, 673, 674, 686, 688, 698, 702, 704, 706, 707, 708, 709, 714, 715, 716, 717, 724, 734, 745, 746, 750, 754, 756, 757, 758, 759, 760, 761, 763, 764, 765, 766, 767, 769, 770, 771, 773, 774, 775, 776, 777, 778, 780, 781, 789, 790, 817, 818, 819, 820, 821, 822, 828, 832, 833, 834, 835, 836, 837, 841, 842, 843, 844, 847, 849, 850, 851, 855, 856, 857, 858, 859, 860, 861, 863, 864, 865, 866, 867, 868, 869, 870, 871, 872, 885]
  - Test 33 cubre: [259, 260, 261, 262, 264, 266, 267, 268, 269, 270, 271, 272, 273, 274, 276, 277, 284, 285, 291, 293, 294, 298, 339, 340, 342, 343, 344, 363, 364, 365, 366, 367, 368, 383, 389, 390, 391, 392, 393, 418, 424, 459, 460, 479, 480, 481, 482, 487, 500, 502, 503, 505, 506, 507, 520, 522, 523, 525, 526, 527, 531, 549, 551, 560, 572, 574, 615, 621, 631, 637, 646, 649, 652, 654, 656, 667, 673, 704, 707, 708, 709, 710, 715, 717, 734, 745, 746, 747, 750, 756, 759, 760, 761, 763, 764, 766, 767, 773, 774, 775, 776, 777, 778, 789, 791, 792, 807, 808, 809, 817, 818, 819, 820, 821, 828, 837, 842, 843, 844, 847, 851, 856, 857, 861, 863, 864, 865, 866]

Semilla 123: S = [1, 3, 5, 7, 10, 12, 14, 20, 23, 25, 26, 27, 28, 29, 30, 31, 33]

  - Test 1 cubre: [2, 3, 4, 7, 8, 10, 11]
  - Test 3 cubre: [2, 3, 5, 6, 7, 8, 10, 12]
  - Test 5 cubre: [1, 2, 5, 7, 8, 10, 11]
  - Test 7 cubre: [14, 15, 16, 18, 21, 22, 29, 32, 39, 47, 48, 50, 51]
  - Test 10 cubre: [14, 15, 17, 18, 21, 22, 25, 29, 31, 32, 39, 43, 47, 49, 50, 51]
  - Test 12 cubre: [13, 14, 17, 18, 22, 29, 31, 32, 39, 43, 47, 48, 50, 51]
  - Test 14 cubre: [19, 20, 26, 27, 28, 29, 30, 31, 32, 33, 34, 36, 37, 38, 39, 40, 41, 42, 43, 44, 45, 46, 47]
  - Test 20 cubre: [70, 81, 82, 83, 85]
  - Test 23 cubre: [56, 58, 59, 61, 63, 67, 68, 69, 70, 73, 74, 75, 76, 77, 78, 79, 81, 82, 86, 87, 88, 89, 90, 91, 92, 93]
  - Test 25 cubre: [95, 96, 97, 98, 99, 100, 107, 108, 109, 111, 113, 114, 115, 117, 118, 119, 121, 124, 125, 126, 127, 128, 130, 131, 132, 133, 134, 135, 136, 138, 139, 140, 141, 142, 143, 144, 145, 146, 147, 148, 149, 150, 151, 152, 153, 154, 155, 156, 157, 158, 159, 160, 161, 162, 163, 164, 165, 166, 167, 168, 169, 170, 171, 172, 173, 174, 177, 179, 181, 183, 185, 186, 187, 188, 189, 190, 191, 192, 193, 194, 195, 196, 197, 198, 199, 200, 201, 202, 203, 204, 205, 206, 207, 208, 209, 215, 216, 217, 218, 219, 220, 221, 222, 225, 226, 228, 229, 230, 232, 233, 234, 235, 236, 237, 238, 239, 240, 241, 242, 243, 244, 245, 247, 248, 249, 250, 251, 252, 253]
  - Test 26 cubre: [95, 96, 97, 98, 99, 100, 101, 102, 103, 104, 105, 106, 107, 108, 109, 110, 111, 112, 113, 114, 115, 116, 117, 118, 119, 120, 121, 122, 123, 124, 125, 126, 127, 128, 129, 130, 131, 132, 133, 134, 135, 136, 137, 138, 139, 140, 141, 142, 143, 144, 145, 146, 147, 148, 149, 150, 151, 152, 153, 154, 155, 156, 157, 158, 159, 160, 161, 162, 163, 164, 165, 166, 167, 168, 169, 170, 171, 172, 173, 177, 179, 181, 183, 185, 186, 187, 188, 189, 190, 191, 192, 193, 194, 195, 196, 197, 198, 199, 200, 201, 202, 203, 204, 205, 206, 207, 208, 209, 210, 212, 213, 215, 216, 217, 218, 219, 220, 221, 222, 223, 225, 226, 228, 229, 230, 232, 233, 234, 235, 236, 237, 238, 239, 240, 241, 242, 243, 244, 245, 246, 247, 248, 249, 250, 251, 252, 253]
  - Test 27 cubre: [259, 260, 261, 262, 264, 266, 267, 268, 269, 270, 272, 273, 274, 276, 277, 283, 290, 291, 292, 293, 294, 298, 327, 331, 334, 336, 337, 338, 339, 340, 342, 343, 344, 362, 363, 364, 365, 366, 367, 368, 384, 389, 390, 391, 392, 393, 420, 424, 425, 459, 460, 479, 480, 481, 482, 487, 500, 502, 503, 505, 506, 507, 520, 522, 523, 525, 526, 527, 544, 546, 547, 549, 560, 564, 567, 569, 571, 572, 574, 575, 576, 579, 581, 582, 586, 615, 621, 631, 637, 646, 649, 652, 654, 656, 667, 673, 704, 707, 708, 709, 715, 717, 734, 737, 746, 750, 756, 759, 760, 761, 763, 764, 766, 767, 773, 774, 775, 776, 777, 778, 779, 780, 781, 783, 784, 785, 786, 789, 791, 795, 796, 797, 804, 816, 817, 818, 819, 820, 821, 828, 837, 842, 843, 844, 847, 851, 856, 857, 861, 863, 864, 865, 866, 867, 868, 869, 870, 874, 875, 876, 877, 878, 879, 880, 881, 882]
  - Test 28 cubre: [271, 272, 273, 274, 276, 277, 278, 279, 280, 281, 282, 362, 363, 364, 365, 366, 367, 368, 378, 383, 390, 500, 502, 503, 505, 506, 507, 509, 511, 513, 519, 520, 523, 549, 555, 572, 615, 621, 631, 637, 646, 657, 710, 711, 712, 713, 746, 749, 750, 754, 756, 757, 758, 759, 760, 763, 766, 767, 789, 791, 794, 798, 802, 813, 814, 815, 817, 818, 819, 820, 821, 828, 833, 834, 835, 836, 837, 841, 844, 848, 849, 850, 851, 852, 853]
  - Test 29 cubre: [259, 260, 261, 262, 263, 264, 266, 267, 268, 269, 270, 271, 272, 273, 274, 276, 277, 283, 290, 291, 292, 293, 294, 295, 296, 298, 299, 300, 301, 302, 303, 304, 305, 306, 307, 309, 310, 311, 312, 313, 314, 315, 316, 317, 318, 320, 321, 322, 323, 324, 325, 326, 327, 328, 329, 331, 333, 334, 335, 336, 337, 338, 339, 340, 342, 343, 344, 348, 349, 350, 351, 352, 353, 354, 355, 356, 357, 358, 359, 360, 361, 362, 363, 364, 365, 366, 367, 368, 371, 384, 387, 389, 390, 391, 392, 393, 394, 396, 398, 400, 402, 404, 406, 408, 410, 412, 414, 416, 420, 422, 425, 427, 428, 429, 430, 431, 432, 433, 434, 436, 437, 438, 439, 440, 441, 442, 443, 444, 445, 446, 447, 448, 449, 450, 451, 452, 453, 454, 455, 456, 457, 458, 459, 460, 461, 463, 464, 465, 466, 467, 468, 469, 470, 471, 472, 473, 474, 475, 476, 477, 478, 479, 480, 481, 482, 483, 484, 485, 486, 487, 489, 490, 491, 492, 493, 494, 495, 496, 497, 498, 500, 502, 503, 505, 506, 507, 509, 511, 513, 520, 522, 523, 525, 526, 527, 529, 530, 531, 532, 533, 534, 535, 537, 538, 539, 541, 542, 544, 546, 548, 557, 558, 560, 564, 567, 569, 571, 574, 575, 576, 579, 590, 609, 615, 621, 628, 631, 637, 638, 646, 649, 652, 654, 656, 664, 667, 673, 674, 686, 687, 688, 689, 698, 702, 704, 706, 707, 708, 709, 714, 715, 716, 717, 724, 725, 734, 745, 750, 751, 752, 754, 756, 757, 758, 759, 760, 761, 763, 764, 765, 766, 767, 769, 770, 771, 773, 774, 775, 776, 777, 778, 780, 781, 789, 817, 818, 819, 820, 821, 824, 825, 826, 827, 828, 829, 830, 831, 832, 833, 834, 835, 836, 837, 841, 842, 843, 844, 847, 849, 850, 851, 855, 856, 857, 858, 859, 860, 861, 863, 864, 865, 866, 867, 868, 869, 870, 871, 872, 885]
  - Test 30 cubre: [259, 260, 261, 262, 263, 264, 265, 266, 267, 268, 269, 270, 271, 272, 273, 274, 276, 277, 283, 290, 291, 292, 293, 294, 295, 296, 298, 299, 300, 301, 302, 303, 304, 305, 306, 307, 309, 310, 311, 312, 313, 314, 315, 316, 317, 318, 320, 321, 322, 323, 324, 325, 326, 327, 328, 329, 332, 334, 335, 336, 337, 338, 339, 340, 342, 343, 344, 348, 349, 350, 351, 352, 353, 354, 355, 356, 357, 358, 359, 360, 361, 362, 363, 364, 365, 366, 367, 368, 369, 370, 371, 372, 373, 374, 375, 376, 377, 384, 387, 389, 390, 391, 392, 393, 394, 395, 396, 398, 399, 400, 401, 402, 404, 405, 406, 407, 408, 410, 411, 412, 413, 414, 416, 417, 420, 422, 424, 425, 426, 427, 428, 429, 430, 431, 432, 433, 434, 436, 437, 438, 439, 440, 441, 442, 443, 444, 445, 446, 447, 448, 449, 450, 451, 452, 453, 454, 455, 456, 457, 458, 459, 460, 461, 462, 463, 464, 465, 466, 467, 468, 469, 470, 471, 472, 473, 474, 475, 476, 477, 478, 479, 480, 481, 482, 483, 484, 485, 486, 487, 489, 490, 491, 492, 493, 494, 495, 496, 497, 498, 500, 502, 503, 505, 506, 507, 509, 511, 513, 514, 515, 518, 520, 522, 523, 525, 526, 527, 529, 530, 531, 532, 533, 534, 535, 537, 538, 539, 541, 542, 544, 546, 548, 557, 558, 560, 564, 567, 569, 571, 574, 575, 576, 579, 590, 609, 615, 621, 628, 631, 637, 638, 646, 649, 652, 654, 656, 664, 667, 673, 674, 686, 688, 702, 704, 706, 707, 708, 709, 714, 715, 716, 717, 724, 725, 734, 740, 744, 745, 750, 751, 752, 754, 756, 757, 758, 759, 760, 761, 763, 764, 766, 767, 769, 770, 771, 773, 774, 775, 776, 777, 778, 780, 781, 789, 817, 818, 819, 820, 821, 824, 825, 826, 827, 828, 829, 830, 831, 832, 833, 834, 835, 836, 837, 841, 842, 843, 844, 847, 849, 850, 851, 855, 856, 857, 858, 859, 860, 861, 863, 864, 865, 866, 867, 868, 869, 870, 871, 872, 885]
  - Test 31 cubre: [259, 260, 261, 262, 263, 264, 265, 266, 267, 268, 269, 270, 271, 272, 273, 274, 276, 277, 283, 290, 291, 292, 293, 294, 295, 296, 298, 299, 300, 301, 302, 303, 304, 305, 306, 307, 309, 310, 311, 312, 313, 314, 315, 316, 317, 318, 320, 321, 322, 323, 324, 325, 326, 327, 328, 329, 334, 335, 336, 337, 338, 339, 340, 342, 343, 344, 360, 361, 362, 363, 364, 365, 366, 367, 368, 369, 370, 371, 372, 373, 374, 375, 376, 377, 384, 389, 390, 391, 392, 393, 394, 395, 396, 398, 399, 400, 401, 402, 404, 405, 406, 407, 408, 410, 411, 412, 413, 414, 416, 417, 420, 424, 425, 426, 436, 437, 438, 439, 440, 441, 442, 443, 444, 445, 446, 447, 448, 449, 450, 451, 452, 453, 454, 455, 456, 457, 458, 459, 460, 461, 462, 463, 464, 465, 466, 467, 468, 469, 470, 471, 472, 473, 474, 475, 476, 477, 478, 479, 480, 481, 482, 483, 484, 485, 486, 487, 500, 502, 503, 505, 506, 507, 509, 511, 513, 514, 515, 518, 520, 522, 523, 525, 526, 527, 529, 530, 531, 532, 533, 534, 535, 537, 538, 539, 541, 542, 544, 546, 548, 549, 559, 560, 561, 564, 567, 569, 571, 574, 575, 576, 579, 590, 615, 621, 628, 631, 637, 638, 646, 649, 652, 654, 656, 664, 667, 673, 674, 686, 688, 702, 704, 706, 707, 708, 709, 714, 715, 716, 717, 724, 733, 734, 739, 740, 744, 745, 746, 750, 754, 756, 757, 758, 759, 760, 761, 763, 764, 766, 767, 768, 769, 770, 771, 773, 774, 775, 776, 777, 778, 780, 781, 789, 790, 817, 818, 819, 820, 821, 822, 828, 832, 833, 834, 835, 836, 837, 841, 842, 843, 844, 847, 849, 850, 851, 852, 855, 856, 857, 858, 859, 860, 861, 863, 864, 865, 866, 867, 868, 869, 870, 871, 872, 885]
  - Test 33 cubre: [259, 260, 261, 262, 264, 266, 267, 268, 269, 270, 271, 272, 273, 274, 276, 277, 284, 285, 291, 293, 294, 298, 339, 340, 342, 343, 344, 363, 364, 365, 366, 367, 368, 383, 389, 390, 391, 392, 393, 418, 424, 459, 460, 479, 480, 481, 482, 487, 500, 502, 503, 505, 506, 507, 520, 522, 523, 525, 526, 527, 531, 549, 551, 560, 572, 574, 615, 621, 631, 637, 646, 649, 652, 654, 656, 667, 673, 704, 707, 708, 709, 710, 715, 717, 734, 745, 746, 747, 750, 756, 759, 760, 761, 763, 764, 766, 767, 773, 774, 775, 776, 777, 778, 789, 791, 792, 807, 808, 809, 817, 818, 819, 820, 821, 828, 837, 842, 843, 844, 847, 851, 856, 857, 861, 863, 864, 865, 866]

Semilla 7: S = [1, 3, 5, 8, 10, 11, 14, 20, 23, 25, 26, 27, 28, 29, 30, 31, 33]

  - Test 1 cubre: [2, 3, 4, 7, 8, 10, 11]
  - Test 3 cubre: [2, 3, 5, 6, 7, 8, 10, 12]
  - Test 5 cubre: [1, 2, 5, 7, 8, 10, 11]
  - Test 8 cubre: [14, 15, 16, 18, 22, 29, 31, 32, 39, 43, 47, 48, 50, 51]
  - Test 10 cubre: [14, 15, 17, 18, 21, 22, 25, 29, 31, 32, 39, 43, 47, 49, 50, 51]
  - Test 11 cubre: [13, 14, 17, 18, 22, 29, 32, 39, 47, 48, 50, 51]
  - Test 14 cubre: [19, 20, 26, 27, 28, 29, 30, 31, 32, 33, 34, 36, 37, 38, 39, 40, 41, 42, 43, 44, 45, 46, 47]
  - Test 20 cubre: [70, 81, 82, 83, 85]
  - Test 23 cubre: [56, 58, 59, 61, 63, 67, 68, 69, 70, 73, 74, 75, 76, 77, 78, 79, 81, 82, 86, 87, 88, 89, 90, 91, 92, 93]
  - Test 25 cubre: [95, 96, 97, 98, 99, 100, 107, 108, 109, 111, 113, 114, 115, 117, 118, 119, 121, 124, 125, 126, 127, 128, 130, 131, 132, 133, 134, 135, 136, 138, 139, 140, 141, 142, 143, 144, 145, 146, 147, 148, 149, 150, 151, 152, 153, 154, 155, 156, 157, 158, 159, 160, 161, 162, 163, 164, 165, 166, 167, 168, 169, 170, 171, 172, 173, 174, 177, 179, 181, 183, 185, 186, 187, 188, 189, 190, 191, 192, 193, 194, 195, 196, 197, 198, 199, 200, 201, 202, 203, 204, 205, 206, 207, 208, 209, 215, 216, 217, 218, 219, 220, 221, 222, 225, 226, 228, 229, 230, 232, 233, 234, 235, 236, 237, 238, 239, 240, 241, 242, 243, 244, 245, 247, 248, 249, 250, 251, 252, 253]
  - Test 26 cubre: [95, 96, 97, 98, 99, 100, 101, 102, 103, 104, 105, 106, 107, 108, 109, 110, 111, 112, 113, 114, 115, 116, 117, 118, 119, 120, 121, 122, 123, 124, 125, 126, 127, 128, 129, 130, 131, 132, 133, 134, 135, 136, 137, 138, 139, 140, 141, 142, 143, 144, 145, 146, 147, 148, 149, 150, 151, 152, 153, 154, 155, 156, 157, 158, 159, 160, 161, 162, 163, 164, 165, 166, 167, 168, 169, 170, 171, 172, 173, 177, 179, 181, 183, 185, 186, 187, 188, 189, 190, 191, 192, 193, 194, 195, 196, 197, 198, 199, 200, 201, 202, 203, 204, 205, 206, 207, 208, 209, 210, 212, 213, 215, 216, 217, 218, 219, 220, 221, 222, 223, 225, 226, 228, 229, 230, 232, 233, 234, 235, 236, 237, 238, 239, 240, 241, 242, 243, 244, 245, 246, 247, 248, 249, 250, 251, 252, 253]
  - Test 27 cubre: [259, 260, 261, 262, 264, 266, 267, 268, 269, 270, 272, 273, 274, 276, 277, 283, 290, 291, 292, 293, 294, 298, 327, 331, 334, 336, 337, 338, 339, 340, 342, 343, 344, 362, 363, 364, 365, 366, 367, 368, 384, 389, 390, 391, 392, 393, 420, 424, 425, 459, 460, 479, 480, 481, 482, 487, 500, 502, 503, 505, 506, 507, 520, 522, 523, 525, 526, 527, 544, 546, 547, 549, 560, 564, 567, 569, 571, 572, 574, 575, 576, 579, 581, 582, 586, 615, 621, 631, 637, 646, 649, 652, 654, 656, 667, 673, 704, 707, 708, 709, 715, 717, 734, 737, 746, 750, 756, 759, 760, 761, 763, 764, 766, 767, 773, 774, 775, 776, 777, 778, 779, 780, 781, 783, 784, 785, 786, 789, 791, 795, 796, 797, 804, 816, 817, 818, 819, 820, 821, 828, 837, 842, 843, 844, 847, 851, 856, 857, 861, 863, 864, 865, 866, 867, 868, 869, 870, 874, 875, 876, 877, 878, 879, 880, 881, 882]
  - Test 28 cubre: [271, 272, 273, 274, 276, 277, 278, 279, 280, 281, 282, 362, 363, 364, 365, 366, 367, 368, 378, 383, 390, 500, 502, 503, 505, 506, 507, 509, 511, 513, 519, 520, 523, 549, 555, 572, 615, 621, 631, 637, 646, 657, 710, 711, 712, 713, 746, 749, 750, 754, 756, 757, 758, 759, 760, 763, 766, 767, 789, 791, 794, 798, 802, 813, 814, 815, 817, 818, 819, 820, 821, 828, 833, 834, 835, 836, 837, 841, 844, 848, 849, 850, 851, 852, 853]
  - Test 29 cubre: [259, 260, 261, 262, 263, 264, 266, 267, 268, 269, 270, 271, 272, 273, 274, 276, 277, 283, 290, 291, 292, 293, 294, 295, 296, 298, 299, 300, 301, 302, 303, 304, 305, 306, 307, 309, 310, 311, 312, 313, 314, 315, 316, 317, 318, 320, 321, 322, 323, 324, 325, 326, 327, 328, 329, 331, 333, 334, 335, 336, 337, 338, 339, 340, 342, 343, 344, 348, 349, 350, 351, 352, 353, 354, 355, 356, 357, 358, 359, 360, 361, 362, 363, 364, 365, 366, 367, 368, 371, 384, 387, 389, 390, 391, 392, 393, 394, 396, 398, 400, 402, 404, 406, 408, 410, 412, 414, 416, 420, 422, 425, 427, 428, 429, 430, 431, 432, 433, 434, 436, 437, 438, 439, 440, 441, 442, 443, 444, 445, 446, 447, 448, 449, 450, 451, 452, 453, 454, 455, 456, 457, 458, 459, 460, 461, 463, 464, 465, 466, 467, 468, 469, 470, 471, 472, 473, 474, 475, 476, 477, 478, 479, 480, 481, 482, 483, 484, 485, 486, 487, 489, 490, 491, 492, 493, 494, 495, 496, 497, 498, 500, 502, 503, 505, 506, 507, 509, 511, 513, 520, 522, 523, 525, 526, 527, 529, 530, 531, 532, 533, 534, 535, 537, 538, 539, 541, 542, 544, 546, 548, 557, 558, 560, 564, 567, 569, 571, 574, 575, 576, 579, 590, 609, 615, 621, 628, 631, 637, 638, 646, 649, 652, 654, 656, 664, 667, 673, 674, 686, 687, 688, 689, 698, 702, 704, 706, 707, 708, 709, 714, 715, 716, 717, 724, 725, 734, 745, 750, 751, 752, 754, 756, 757, 758, 759, 760, 761, 763, 764, 765, 766, 767, 769, 770, 771, 773, 774, 775, 776, 777, 778, 780, 781, 789, 817, 818, 819, 820, 821, 824, 825, 826, 827, 828, 829, 830, 831, 832, 833, 834, 835, 836, 837, 841, 842, 843, 844, 847, 849, 850, 851, 855, 856, 857, 858, 859, 860, 861, 863, 864, 865, 866, 867, 868, 869, 870, 871, 872, 885]
  - Test 30 cubre: [259, 260, 261, 262, 263, 264, 265, 266, 267, 268, 269, 270, 271, 272, 273, 274, 276, 277, 283, 290, 291, 292, 293, 294, 295, 296, 298, 299, 300, 301, 302, 303, 304, 305, 306, 307, 309, 310, 311, 312, 313, 314, 315, 316, 317, 318, 320, 321, 322, 323, 324, 325, 326, 327, 328, 329, 332, 334, 335, 336, 337, 338, 339, 340, 342, 343, 344, 348, 349, 350, 351, 352, 353, 354, 355, 356, 357, 358, 359, 360, 361, 362, 363, 364, 365, 366, 367, 368, 369, 370, 371, 372, 373, 374, 375, 376, 377, 384, 387, 389, 390, 391, 392, 393, 394, 395, 396, 398, 399, 400, 401, 402, 404, 405, 406, 407, 408, 410, 411, 412, 413, 414, 416, 417, 420, 422, 424, 425, 426, 427, 428, 429, 430, 431, 432, 433, 434, 436, 437, 438, 439, 440, 441, 442, 443, 444, 445, 446, 447, 448, 449, 450, 451, 452, 453, 454, 455, 456, 457, 458, 459, 460, 461, 462, 463, 464, 465, 466, 467, 468, 469, 470, 471, 472, 473, 474, 475, 476, 477, 478, 479, 480, 481, 482, 483, 484, 485, 486, 487, 489, 490, 491, 492, 493, 494, 495, 496, 497, 498, 500, 502, 503, 505, 506, 507, 509, 511, 513, 514, 515, 518, 520, 522, 523, 525, 526, 527, 529, 530, 531, 532, 533, 534, 535, 537, 538, 539, 541, 542, 544, 546, 548, 557, 558, 560, 564, 567, 569, 571, 574, 575, 576, 579, 590, 609, 615, 621, 628, 631, 637, 638, 646, 649, 652, 654, 656, 664, 667, 673, 674, 686, 688, 702, 704, 706, 707, 708, 709, 714, 715, 716, 717, 724, 725, 734, 740, 744, 745, 750, 751, 752, 754, 756, 757, 758, 759, 760, 761, 763, 764, 766, 767, 769, 770, 771, 773, 774, 775, 776, 777, 778, 780, 781, 789, 817, 818, 819, 820, 821, 824, 825, 826, 827, 828, 829, 830, 831, 832, 833, 834, 835, 836, 837, 841, 842, 843, 844, 847, 849, 850, 851, 855, 856, 857, 858, 859, 860, 861, 863, 864, 865, 866, 867, 868, 869, 870, 871, 872, 885]
  - Test 31 cubre: [259, 260, 261, 262, 263, 264, 265, 266, 267, 268, 269, 270, 271, 272, 273, 274, 276, 277, 283, 290, 291, 292, 293, 294, 295, 296, 298, 299, 300, 301, 302, 303, 304, 305, 306, 307, 309, 310, 311, 312, 313, 314, 315, 316, 317, 318, 320, 321, 322, 323, 324, 325, 326, 327, 328, 329, 334, 335, 336, 337, 338, 339, 340, 342, 343, 344, 360, 361, 362, 363, 364, 365, 366, 367, 368, 369, 370, 371, 372, 373, 374, 375, 376, 377, 384, 389, 390, 391, 392, 393, 394, 395, 396, 398, 399, 400, 401, 402, 404, 405, 406, 407, 408, 410, 411, 412, 413, 414, 416, 417, 420, 424, 425, 426, 436, 437, 438, 439, 440, 441, 442, 443, 444, 445, 446, 447, 448, 449, 450, 451, 452, 453, 454, 455, 456, 457, 458, 459, 460, 461, 462, 463, 464, 465, 466, 467, 468, 469, 470, 471, 472, 473, 474, 475, 476, 477, 478, 479, 480, 481, 482, 483, 484, 485, 486, 487, 500, 502, 503, 505, 506, 507, 509, 511, 513, 514, 515, 518, 520, 522, 523, 525, 526, 527, 529, 530, 531, 532, 533, 534, 535, 537, 538, 539, 541, 542, 544, 546, 548, 549, 559, 560, 561, 564, 567, 569, 571, 574, 575, 576, 579, 590, 615, 621, 628, 631, 637, 638, 646, 649, 652, 654, 656, 664, 667, 673, 674, 686, 688, 702, 704, 706, 707, 708, 709, 714, 715, 716, 717, 724, 733, 734, 739, 740, 744, 745, 746, 750, 754, 756, 757, 758, 759, 760, 761, 763, 764, 766, 767, 768, 769, 770, 771, 773, 774, 775, 776, 777, 778, 780, 781, 789, 790, 817, 818, 819, 820, 821, 822, 828, 832, 833, 834, 835, 836, 837, 841, 842, 843, 844, 847, 849, 850, 851, 852, 855, 856, 857, 858, 859, 860, 861, 863, 864, 865, 866, 867, 868, 869, 870, 871, 872, 885]
  - Test 33 cubre: [259, 260, 261, 262, 264, 266, 267, 268, 269, 270, 271, 272, 273, 274, 276, 277, 284, 285, 291, 293, 294, 298, 339, 340, 342, 343, 344, 363, 364, 365, 366, 367, 368, 383, 389, 390, 391, 392, 393, 418, 424, 459, 460, 479, 480, 481, 482, 487, 500, 502, 503, 505, 506, 507, 520, 522, 523, 525, 526, 527, 531, 549, 551, 560, 572, 574, 615, 621, 631, 637, 646, 649, 652, 654, 656, 667, 673, 704, 707, 708, 709, 710, 715, 717, 734, 745, 746, 747, 750, 756, 759, 760, 761, 763, 764, 766, 767, 773, 774, 775, 776, 777, 778, 789, 791, 792, 807, 808, 809, 817, 818, 819, 820, 821, 828, 837, 842, 843, 844, 847, 851, 856, 857, 861, 863, 864, 865, 866]

Semilla 99: S = [1, 3, 5, 10, 11, 14, 19, 20, 23, 25, 26, 27, 28, 29, 31, 32, 33]

  - Test 1 cubre: [2, 3, 4, 7, 8, 10, 11]
  - Test 3 cubre: [2, 3, 5, 6, 7, 8, 10, 12]
  - Test 5 cubre: [1, 2, 5, 7, 8, 10, 11]
  - Test 10 cubre: [14, 15, 17, 18, 21, 22, 25, 29, 31, 32, 39, 43, 47, 49, 50, 51]
  - Test 11 cubre: [13, 14, 17, 18, 22, 29, 32, 39, 47, 48, 50, 51]
  - Test 14 cubre: [19, 20, 26, 27, 28, 29, 30, 31, 32, 33, 34, 36, 37, 38, 39, 40, 41, 42, 43, 44, 45, 46, 47]
  - Test 19 cubre: [14, 15, 16, 18, 21, 22, 29, 31, 32, 39, 43, 47, 48, 50, 51]
  - Test 20 cubre: [70, 81, 82, 83, 85]
  - Test 23 cubre: [56, 58, 59, 61, 63, 67, 68, 69, 70, 73, 74, 75, 76, 77, 78, 79, 81, 82, 86, 87, 88, 89, 90, 91, 92, 93]
  - Test 25 cubre: [95, 96, 97, 98, 99, 100, 107, 108, 109, 111, 113, 114, 115, 117, 118, 119, 121, 124, 125, 126, 127, 128, 130, 131, 132, 133, 134, 135, 136, 138, 139, 140, 141, 142, 143, 144, 145, 146, 147, 148, 149, 150, 151, 152, 153, 154, 155, 156, 157, 158, 159, 160, 161, 162, 163, 164, 165, 166, 167, 168, 169, 170, 171, 172, 173, 174, 177, 179, 181, 183, 185, 186, 187, 188, 189, 190, 191, 192, 193, 194, 195, 196, 197, 198, 199, 200, 201, 202, 203, 204, 205, 206, 207, 208, 209, 215, 216, 217, 218, 219, 220, 221, 222, 225, 226, 228, 229, 230, 232, 233, 234, 235, 236, 237, 238, 239, 240, 241, 242, 243, 244, 245, 247, 248, 249, 250, 251, 252, 253]
  - Test 26 cubre: [95, 96, 97, 98, 99, 100, 101, 102, 103, 104, 105, 106, 107, 108, 109, 110, 111, 112, 113, 114, 115, 116, 117, 118, 119, 120, 121, 122, 123, 124, 125, 126, 127, 128, 129, 130, 131, 132, 133, 134, 135, 136, 137, 138, 139, 140, 141, 142, 143, 144, 145, 146, 147, 148, 149, 150, 151, 152, 153, 154, 155, 156, 157, 158, 159, 160, 161, 162, 163, 164, 165, 166, 167, 168, 169, 170, 171, 172, 173, 177, 179, 181, 183, 185, 186, 187, 188, 189, 190, 191, 192, 193, 194, 195, 196, 197, 198, 199, 200, 201, 202, 203, 204, 205, 206, 207, 208, 209, 210, 212, 213, 215, 216, 217, 218, 219, 220, 221, 222, 223, 225, 226, 228, 229, 230, 232, 233, 234, 235, 236, 237, 238, 239, 240, 241, 242, 243, 244, 245, 246, 247, 248, 249, 250, 251, 252, 253]
  - Test 27 cubre: [259, 260, 261, 262, 264, 266, 267, 268, 269, 270, 272, 273, 274, 276, 277, 283, 290, 291, 292, 293, 294, 298, 327, 331, 334, 336, 337, 338, 339, 340, 342, 343, 344, 362, 363, 364, 365, 366, 367, 368, 384, 389, 390, 391, 392, 393, 420, 424, 425, 459, 460, 479, 480, 481, 482, 487, 500, 502, 503, 505, 506, 507, 520, 522, 523, 525, 526, 527, 544, 546, 547, 549, 560, 564, 567, 569, 571, 572, 574, 575, 576, 579, 581, 582, 586, 615, 621, 631, 637, 646, 649, 652, 654, 656, 667, 673, 704, 707, 708, 709, 715, 717, 734, 737, 746, 750, 756, 759, 760, 761, 763, 764, 766, 767, 773, 774, 775, 776, 777, 778, 779, 780, 781, 783, 784, 785, 786, 789, 791, 795, 796, 797, 804, 816, 817, 818, 819, 820, 821, 828, 837, 842, 843, 844, 847, 851, 856, 857, 861, 863, 864, 865, 866, 867, 868, 869, 870, 874, 875, 876, 877, 878, 879, 880, 881, 882]
  - Test 28 cubre: [271, 272, 273, 274, 276, 277, 278, 279, 280, 281, 282, 362, 363, 364, 365, 366, 367, 368, 378, 383, 390, 500, 502, 503, 505, 506, 507, 509, 511, 513, 519, 520, 523, 549, 555, 572, 615, 621, 631, 637, 646, 657, 710, 711, 712, 713, 746, 749, 750, 754, 756, 757, 758, 759, 760, 763, 766, 767, 789, 791, 794, 798, 802, 813, 814, 815, 817, 818, 819, 820, 821, 828, 833, 834, 835, 836, 837, 841, 844, 848, 849, 850, 851, 852, 853]
  - Test 29 cubre: [259, 260, 261, 262, 263, 264, 266, 267, 268, 269, 270, 271, 272, 273, 274, 276, 277, 283, 290, 291, 292, 293, 294, 295, 296, 298, 299, 300, 301, 302, 303, 304, 305, 306, 307, 309, 310, 311, 312, 313, 314, 315, 316, 317, 318, 320, 321, 322, 323, 324, 325, 326, 327, 328, 329, 331, 333, 334, 335, 336, 337, 338, 339, 340, 342, 343, 344, 348, 349, 350, 351, 352, 353, 354, 355, 356, 357, 358, 359, 360, 361, 362, 363, 364, 365, 366, 367, 368, 371, 384, 387, 389, 390, 391, 392, 393, 394, 396, 398, 400, 402, 404, 406, 408, 410, 412, 414, 416, 420, 422, 425, 427, 428, 429, 430, 431, 432, 433, 434, 436, 437, 438, 439, 440, 441, 442, 443, 444, 445, 446, 447, 448, 449, 450, 451, 452, 453, 454, 455, 456, 457, 458, 459, 460, 461, 463, 464, 465, 466, 467, 468, 469, 470, 471, 472, 473, 474, 475, 476, 477, 478, 479, 480, 481, 482, 483, 484, 485, 486, 487, 489, 490, 491, 492, 493, 494, 495, 496, 497, 498, 500, 502, 503, 505, 506, 507, 509, 511, 513, 520, 522, 523, 525, 526, 527, 529, 530, 531, 532, 533, 534, 535, 537, 538, 539, 541, 542, 544, 546, 548, 557, 558, 560, 564, 567, 569, 571, 574, 575, 576, 579, 590, 609, 615, 621, 628, 631, 637, 638, 646, 649, 652, 654, 656, 664, 667, 673, 674, 686, 687, 688, 689, 698, 702, 704, 706, 707, 708, 709, 714, 715, 716, 717, 724, 725, 734, 745, 750, 751, 752, 754, 756, 757, 758, 759, 760, 761, 763, 764, 765, 766, 767, 769, 770, 771, 773, 774, 775, 776, 777, 778, 780, 781, 789, 817, 818, 819, 820, 821, 824, 825, 826, 827, 828, 829, 830, 831, 832, 833, 834, 835, 836, 837, 841, 842, 843, 844, 847, 849, 850, 851, 855, 856, 857, 858, 859, 860, 861, 863, 864, 865, 866, 867, 868, 869, 870, 871, 872, 885]
  - Test 31 cubre: [259, 260, 261, 262, 263, 264, 265, 266, 267, 268, 269, 270, 271, 272, 273, 274, 276, 277, 283, 290, 291, 292, 293, 294, 295, 296, 298, 299, 300, 301, 302, 303, 304, 305, 306, 307, 309, 310, 311, 312, 313, 314, 315, 316, 317, 318, 320, 321, 322, 323, 324, 325, 326, 327, 328, 329, 334, 335, 336, 337, 338, 339, 340, 342, 343, 344, 360, 361, 362, 363, 364, 365, 366, 367, 368, 369, 370, 371, 372, 373, 374, 375, 376, 377, 384, 389, 390, 391, 392, 393, 394, 395, 396, 398, 399, 400, 401, 402, 404, 405, 406, 407, 408, 410, 411, 412, 413, 414, 416, 417, 420, 424, 425, 426, 436, 437, 438, 439, 440, 441, 442, 443, 444, 445, 446, 447, 448, 449, 450, 451, 452, 453, 454, 455, 456, 457, 458, 459, 460, 461, 462, 463, 464, 465, 466, 467, 468, 469, 470, 471, 472, 473, 474, 475, 476, 477, 478, 479, 480, 481, 482, 483, 484, 485, 486, 487, 500, 502, 503, 505, 506, 507, 509, 511, 513, 514, 515, 518, 520, 522, 523, 525, 526, 527, 529, 530, 531, 532, 533, 534, 535, 537, 538, 539, 541, 542, 544, 546, 548, 549, 559, 560, 561, 564, 567, 569, 571, 574, 575, 576, 579, 590, 615, 621, 628, 631, 637, 638, 646, 649, 652, 654, 656, 664, 667, 673, 674, 686, 688, 702, 704, 706, 707, 708, 709, 714, 715, 716, 717, 724, 733, 734, 739, 740, 744, 745, 746, 750, 754, 756, 757, 758, 759, 760, 761, 763, 764, 766, 767, 768, 769, 770, 771, 773, 774, 775, 776, 777, 778, 780, 781, 789, 790, 817, 818, 819, 820, 821, 822, 828, 832, 833, 834, 835, 836, 837, 841, 842, 843, 844, 847, 849, 850, 851, 852, 855, 856, 857, 858, 859, 860, 861, 863, 864, 865, 866, 867, 868, 869, 870, 871, 872, 885]
  - Test 32 cubre: [259, 260, 261, 262, 264, 266, 267, 268, 269, 270, 271, 272, 273, 274, 276, 277, 283, 290, 291, 292, 293, 294, 295, 296, 298, 299, 300, 301, 302, 303, 304, 305, 306, 307, 309, 310, 311, 312, 313, 314, 315, 316, 317, 318, 320, 321, 322, 323, 324, 325, 326, 327, 328, 329, 331, 332, 333, 334, 335, 336, 337, 338, 339, 340, 342, 343, 344, 360, 361, 362, 363, 364, 365, 366, 367, 368, 384, 389, 390, 391, 392, 393, 394, 396, 400, 402, 406, 408, 412, 414, 420, 425, 436, 437, 438, 439, 440, 441, 442, 443, 444, 445, 446, 447, 448, 449, 450, 451, 452, 453, 455, 456, 457, 458, 459, 460, 461, 463, 464, 465, 466, 467, 468, 469, 470, 471, 472, 473, 474, 475, 476, 477, 478, 479, 480, 481, 482, 483, 484, 485, 486, 487, 500, 502, 503, 505, 506, 507, 509, 511, 513, 520, 522, 523, 525, 526, 527, 529, 530, 531, 532, 533, 534, 535, 537, 538, 539, 541, 542, 544, 546, 548, 549, 559, 560, 561, 564, 567, 569, 571, 574, 575, 576, 579, 590, 615, 621, 628, 631, 637, 638, 646, 649, 652, 654, 656, 664, 667, 673, 674, 686, 688, 698, 702, 704, 706, 707, 708, 709, 714, 715, 716, 717, 724, 734, 745, 746, 750, 754, 756, 757, 758, 759, 760, 761, 763, 764, 765, 766, 767, 769, 770, 771, 773, 774, 775, 776, 777, 778, 780, 781, 789, 790, 817, 818, 819, 820, 821, 822, 828, 832, 833, 834, 835, 836, 837, 841, 842, 843, 844, 847, 849, 850, 851, 855, 856, 857, 858, 859, 860, 861, 863, 864, 865, 866, 867, 868, 869, 870, 871, 872, 885]
  - Test 33 cubre: [259, 260, 261, 262, 264, 266, 267, 268, 269, 270, 271, 272, 273, 274, 276, 277, 284, 285, 291, 293, 294, 298, 339, 340, 342, 343, 344, 363, 364, 365, 366, 367, 368, 383, 389, 390, 391, 392, 393, 418, 424, 459, 460, 479, 480, 481, 482, 487, 500, 502, 503, 505, 506, 507, 520, 522, 523, 525, 526, 527, 531, 549, 551, 560, 572, 574, 615, 621, 631, 637, 646, 649, 652, 654, 656, 667, 673, 704, 707, 708, 709, 710, 715, 717, 734, 745, 746, 747, 750, 756, 759, 760, 761, 763, 764, 766, 767, 773, 774, 775, 776, 777, 778, 789, 791, 792, 807, 808, 809, 817, 818, 819, 820, 821, 828, 837, 842, 843, 844, 847, 851, 856, 857, 861, 863, 864, 865, 866]

Semilla 2024: S = [1, 3, 5, 7, 10, 11, 14, 20, 23, 25, 26, 27, 28, 29, 31, 32, 33]

  - Test 1 cubre: [2, 3, 4, 7, 8, 10, 11]
  - Test 3 cubre: [2, 3, 5, 6, 7, 8, 10, 12]
  - Test 5 cubre: [1, 2, 5, 7, 8, 10, 11]
  - Test 7 cubre: [14, 15, 16, 18, 21, 22, 29, 32, 39, 47, 48, 50, 51]
  - Test 10 cubre: [14, 15, 17, 18, 21, 22, 25, 29, 31, 32, 39, 43, 47, 49, 50, 51]
  - Test 11 cubre: [13, 14, 17, 18, 22, 29, 32, 39, 47, 48, 50, 51]
  - Test 14 cubre: [19, 20, 26, 27, 28, 29, 30, 31, 32, 33, 34, 36, 37, 38, 39, 40, 41, 42, 43, 44, 45, 46, 47]
  - Test 20 cubre: [70, 81, 82, 83, 85]
  - Test 23 cubre: [56, 58, 59, 61, 63, 67, 68, 69, 70, 73, 74, 75, 76, 77, 78, 79, 81, 82, 86, 87, 88, 89, 90, 91, 92, 93]
  - Test 25 cubre: [95, 96, 97, 98, 99, 100, 107, 108, 109, 111, 113, 114, 115, 117, 118, 119, 121, 124, 125, 126, 127, 128, 130, 131, 132, 133, 134, 135, 136, 138, 139, 140, 141, 142, 143, 144, 145, 146, 147, 148, 149, 150, 151, 152, 153, 154, 155, 156, 157, 158, 159, 160, 161, 162, 163, 164, 165, 166, 167, 168, 169, 170, 171, 172, 173, 174, 177, 179, 181, 183, 185, 186, 187, 188, 189, 190, 191, 192, 193, 194, 195, 196, 197, 198, 199, 200, 201, 202, 203, 204, 205, 206, 207, 208, 209, 215, 216, 217, 218, 219, 220, 221, 222, 225, 226, 228, 229, 230, 232, 233, 234, 235, 236, 237, 238, 239, 240, 241, 242, 243, 244, 245, 247, 248, 249, 250, 251, 252, 253]
  - Test 26 cubre: [95, 96, 97, 98, 99, 100, 101, 102, 103, 104, 105, 106, 107, 108, 109, 110, 111, 112, 113, 114, 115, 116, 117, 118, 119, 120, 121, 122, 123, 124, 125, 126, 127, 128, 129, 130, 131, 132, 133, 134, 135, 136, 137, 138, 139, 140, 141, 142, 143, 144, 145, 146, 147, 148, 149, 150, 151, 152, 153, 154, 155, 156, 157, 158, 159, 160, 161, 162, 163, 164, 165, 166, 167, 168, 169, 170, 171, 172, 173, 177, 179, 181, 183, 185, 186, 187, 188, 189, 190, 191, 192, 193, 194, 195, 196, 197, 198, 199, 200, 201, 202, 203, 204, 205, 206, 207, 208, 209, 210, 212, 213, 215, 216, 217, 218, 219, 220, 221, 222, 223, 225, 226, 228, 229, 230, 232, 233, 234, 235, 236, 237, 238, 239, 240, 241, 242, 243, 244, 245, 246, 247, 248, 249, 250, 251, 252, 253]
  - Test 27 cubre: [259, 260, 261, 262, 264, 266, 267, 268, 269, 270, 272, 273, 274, 276, 277, 283, 290, 291, 292, 293, 294, 298, 327, 331, 334, 336, 337, 338, 339, 340, 342, 343, 344, 362, 363, 364, 365, 366, 367, 368, 384, 389, 390, 391, 392, 393, 420, 424, 425, 459, 460, 479, 480, 481, 482, 487, 500, 502, 503, 505, 506, 507, 520, 522, 523, 525, 526, 527, 544, 546, 547, 549, 560, 564, 567, 569, 571, 572, 574, 575, 576, 579, 581, 582, 586, 615, 621, 631, 637, 646, 649, 652, 654, 656, 667, 673, 704, 707, 708, 709, 715, 717, 734, 737, 746, 750, 756, 759, 760, 761, 763, 764, 766, 767, 773, 774, 775, 776, 777, 778, 779, 780, 781, 783, 784, 785, 786, 789, 791, 795, 796, 797, 804, 816, 817, 818, 819, 820, 821, 828, 837, 842, 843, 844, 847, 851, 856, 857, 861, 863, 864, 865, 866, 867, 868, 869, 870, 874, 875, 876, 877, 878, 879, 880, 881, 882]
  - Test 28 cubre: [271, 272, 273, 274, 276, 277, 278, 279, 280, 281, 282, 362, 363, 364, 365, 366, 367, 368, 378, 383, 390, 500, 502, 503, 505, 506, 507, 509, 511, 513, 519, 520, 523, 549, 555, 572, 615, 621, 631, 637, 646, 657, 710, 711, 712, 713, 746, 749, 750, 754, 756, 757, 758, 759, 760, 763, 766, 767, 789, 791, 794, 798, 802, 813, 814, 815, 817, 818, 819, 820, 821, 828, 833, 834, 835, 836, 837, 841, 844, 848, 849, 850, 851, 852, 853]
  - Test 29 cubre: [259, 260, 261, 262, 263, 264, 266, 267, 268, 269, 270, 271, 272, 273, 274, 276, 277, 283, 290, 291, 292, 293, 294, 295, 296, 298, 299, 300, 301, 302, 303, 304, 305, 306, 307, 309, 310, 311, 312, 313, 314, 315, 316, 317, 318, 320, 321, 322, 323, 324, 325, 326, 327, 328, 329, 331, 333, 334, 335, 336, 337, 338, 339, 340, 342, 343, 344, 348, 349, 350, 351, 352, 353, 354, 355, 356, 357, 358, 359, 360, 361, 362, 363, 364, 365, 366, 367, 368, 371, 384, 387, 389, 390, 391, 392, 393, 394, 396, 398, 400, 402, 404, 406, 408, 410, 412, 414, 416, 420, 422, 425, 427, 428, 429, 430, 431, 432, 433, 434, 436, 437, 438, 439, 440, 441, 442, 443, 444, 445, 446, 447, 448, 449, 450, 451, 452, 453, 454, 455, 456, 457, 458, 459, 460, 461, 463, 464, 465, 466, 467, 468, 469, 470, 471, 472, 473, 474, 475, 476, 477, 478, 479, 480, 481, 482, 483, 484, 485, 486, 487, 489, 490, 491, 492, 493, 494, 495, 496, 497, 498, 500, 502, 503, 505, 506, 507, 509, 511, 513, 520, 522, 523, 525, 526, 527, 529, 530, 531, 532, 533, 534, 535, 537, 538, 539, 541, 542, 544, 546, 548, 557, 558, 560, 564, 567, 569, 571, 574, 575, 576, 579, 590, 609, 615, 621, 628, 631, 637, 638, 646, 649, 652, 654, 656, 664, 667, 673, 674, 686, 687, 688, 689, 698, 702, 704, 706, 707, 708, 709, 714, 715, 716, 717, 724, 725, 734, 745, 750, 751, 752, 754, 756, 757, 758, 759, 760, 761, 763, 764, 765, 766, 767, 769, 770, 771, 773, 774, 775, 776, 777, 778, 780, 781, 789, 817, 818, 819, 820, 821, 824, 825, 826, 827, 828, 829, 830, 831, 832, 833, 834, 835, 836, 837, 841, 842, 843, 844, 847, 849, 850, 851, 855, 856, 857, 858, 859, 860, 861, 863, 864, 865, 866, 867, 868, 869, 870, 871, 872, 885]
  - Test 31 cubre: [259, 260, 261, 262, 263, 264, 265, 266, 267, 268, 269, 270, 271, 272, 273, 274, 276, 277, 283, 290, 291, 292, 293, 294, 295, 296, 298, 299, 300, 301, 302, 303, 304, 305, 306, 307, 309, 310, 311, 312, 313, 314, 315, 316, 317, 318, 320, 321, 322, 323, 324, 325, 326, 327, 328, 329, 334, 335, 336, 337, 338, 339, 340, 342, 343, 344, 360, 361, 362, 363, 364, 365, 366, 367, 368, 369, 370, 371, 372, 373, 374, 375, 376, 377, 384, 389, 390, 391, 392, 393, 394, 395, 396, 398, 399, 400, 401, 402, 404, 405, 406, 407, 408, 410, 411, 412, 413, 414, 416, 417, 420, 424, 425, 426, 436, 437, 438, 439, 440, 441, 442, 443, 444, 445, 446, 447, 448, 449, 450, 451, 452, 453, 454, 455, 456, 457, 458, 459, 460, 461, 462, 463, 464, 465, 466, 467, 468, 469, 470, 471, 472, 473, 474, 475, 476, 477, 478, 479, 480, 481, 482, 483, 484, 485, 486, 487, 500, 502, 503, 505, 506, 507, 509, 511, 513, 514, 515, 518, 520, 522, 523, 525, 526, 527, 529, 530, 531, 532, 533, 534, 535, 537, 538, 539, 541, 542, 544, 546, 548, 549, 559, 560, 561, 564, 567, 569, 571, 574, 575, 576, 579, 590, 615, 621, 628, 631, 637, 638, 646, 649, 652, 654, 656, 664, 667, 673, 674, 686, 688, 702, 704, 706, 707, 708, 709, 714, 715, 716, 717, 724, 733, 734, 739, 740, 744, 745, 746, 750, 754, 756, 757, 758, 759, 760, 761, 763, 764, 766, 767, 768, 769, 770, 771, 773, 774, 775, 776, 777, 778, 780, 781, 789, 790, 817, 818, 819, 820, 821, 822, 828, 832, 833, 834, 835, 836, 837, 841, 842, 843, 844, 847, 849, 850, 851, 852, 855, 856, 857, 858, 859, 860, 861, 863, 864, 865, 866, 867, 868, 869, 870, 871, 872, 885]
  - Test 32 cubre: [259, 260, 261, 262, 264, 266, 267, 268, 269, 270, 271, 272, 273, 274, 276, 277, 283, 290, 291, 292, 293, 294, 295, 296, 298, 299, 300, 301, 302, 303, 304, 305, 306, 307, 309, 310, 311, 312, 313, 314, 315, 316, 317, 318, 320, 321, 322, 323, 324, 325, 326, 327, 328, 329, 331, 332, 333, 334, 335, 336, 337, 338, 339, 340, 342, 343, 344, 360, 361, 362, 363, 364, 365, 366, 367, 368, 384, 389, 390, 391, 392, 393, 394, 396, 400, 402, 406, 408, 412, 414, 420, 425, 436, 437, 438, 439, 440, 441, 442, 443, 444, 445, 446, 447, 448, 449, 450, 451, 452, 453, 455, 456, 457, 458, 459, 460, 461, 463, 464, 465, 466, 467, 468, 469, 470, 471, 472, 473, 474, 475, 476, 477, 478, 479, 480, 481, 482, 483, 484, 485, 486, 487, 500, 502, 503, 505, 506, 507, 509, 511, 513, 520, 522, 523, 525, 526, 527, 529, 530, 531, 532, 533, 534, 535, 537, 538, 539, 541, 542, 544, 546, 548, 549, 559, 560, 561, 564, 567, 569, 571, 574, 575, 576, 579, 590, 615, 621, 628, 631, 637, 638, 646, 649, 652, 654, 656, 664, 667, 673, 674, 686, 688, 698, 702, 704, 706, 707, 708, 709, 714, 715, 716, 717, 724, 734, 745, 746, 750, 754, 756, 757, 758, 759, 760, 761, 763, 764, 765, 766, 767, 769, 770, 771, 773, 774, 775, 776, 777, 778, 780, 781, 789, 790, 817, 818, 819, 820, 821, 822, 828, 832, 833, 834, 835, 836, 837, 841, 842, 843, 844, 847, 849, 850, 851, 855, 856, 857, 858, 859, 860, 861, 863, 864, 865, 866, 867, 868, 869, 870, 871, 872, 885]
  - Test 33 cubre: [259, 260, 261, 262, 264, 266, 267, 268, 269, 270, 271, 272, 273, 274, 276, 277, 284, 285, 291, 293, 294, 298, 339, 340, 342, 343, 344, 363, 364, 365, 366, 367, 368, 383, 389, 390, 391, 392, 393, 418, 424, 459, 460, 479, 480, 481, 482, 487, 500, 502, 503, 505, 506, 507, 520, 522, 523, 525, 526, 527, 531, 549, 551, 560, 572, 574, 615, 621, 631, 637, 646, 649, 652, 654, 656, 667, 673, 704, 707, 708, 709, 710, 715, 717, 734, 745, 746, 747, 750, 756, 759, 760, 761, 763, 764, 766, 767, 773, 774, 775, 776, 777, 778, 789, 791, 792, 807, 808, 809, 817, 818, 819, 820, 821, 828, 837, 842, 843, 844, 847, 851, 856, 857, 861, 863, 864, 865, 866]


--- INFORMACIÓN DE LA MATRIZ ---
Antes del preprocesamiento  -> Tests: 34 | Requerimientos: 890
Después del preprocesamiento-> Tests: 28 | Requerimientos: 56

--- ESTADÍSTICOS FINALES (5 Semillas) ---
    TSSR    -> Media: 0.5000 | Min: 0.5000 | Max: 0.5000 | Std: 0.0000
    FDCLOSS -> Media: 0.0000 (Objetivo: 0.0000)
    Tamaño S-> Media: 17.0 tests
    Tiempo  -> Media: 0.001519s