Semilla 42: S = [2, 3, 4, 6, 7, 9, 12, 13, 15, 16, 17, 18]

  - Test 2 cubre: [1, 2, 4, 6, 7, 10, 57, 59, 60, 61, 62, 100, 101, 107, 110, 111, 117, 118, 136, 137, 141, 142, 143, 148, 154, 156, 157, 165, 166, 167, 168, 169, 179, 180, 181, 182, 183, 184, 185]
  - Test 3 cubre: [1, 2, 4, 7, 9, 10, 11, 12, 15, 57, 59, 63, 64, 65, 66, 100, 101, 107, 110, 112, 117, 118, 120, 121, 136, 138, 141, 144, 145, 149, 154, 156, 157, 165, 166, 170, 171, 172, 179, 180, 181, 182, 183, 186, 187]
  - Test 4 cubre: [1, 2, 4, 7, 9, 10, 12, 14, 15, 16, 17, 20, 57, 59, 63, 67, 68, 69, 70, 100, 101, 107, 110, 113, 117, 118, 120, 121, 122, 123, 136, 139, 141, 146, 147, 150, 154, 156, 157, 165, 166, 173, 174, 175, 179, 180, 181, 182, 183, 188, 189]
  - Test 6 cubre: [1, 2, 4, 7, 9, 10, 12, 14, 15, 17, 19, 20, 22, 23, 24, 27, 28, 29, 57, 59, 63, 67, 72, 74, 76, 78, 104, 105, 106, 107, 118, 121, 123, 124, 125, 133, 164, 165, 166, 179, 183, 190, 191, 193, 194, 195, 213]
  - Test 7 cubre: [1, 2, 4, 7, 9, 10, 12, 14, 15, 17, 19, 20, 55, 57, 59, 63, 67, 102, 104, 105, 106, 107, 110, 118, 121, 123, 124, 152, 158, 159, 160, 164, 165, 166, 179, 183, 190]
  - Test 9 cubre: [1, 2, 4, 7, 9, 10, 12, 14, 15, 17, 19, 20, 57, 59, 63, 67, 80, 100, 101, 107, 110, 114, 136, 140, 141, 151, 154, 156, 157, 165, 166, 176, 177, 178, 179, 180, 181, 182, 183, 190]
  - Test 12 cubre: [2, 3, 4, 21, 22, 24, 27, 28, 29, 46, 56, 58, 73, 76, 78, 105, 106, 107, 128, 129, 134, 164, 196, 197, 198, 199, 201, 202, 203, 213]
  - Test 13 cubre: [2, 3, 4, 21, 22, 24, 27, 28, 29, 46, 56, 58, 71, 73, 76, 78, 84, 105, 106, 107, 128, 164, 196, 197, 198, 213]
  - Test 15 cubre: [2, 3, 4, 22, 23, 24, 26, 27, 29, 56, 58, 72, 74, 75, 77, 85, 106, 107, 110, 127, 130, 131, 164, 204, 205, 206, 207]
  - Test 16 cubre: [2, 3, 4, 22, 23, 24, 26, 27, 29, 56, 58, 72, 74, 75, 77, 103, 106, 107, 110, 127, 130, 131, 153, 161, 162, 163, 164, 204, 205, 206, 207]
  - Test 17 cubre: [1, 2, 4, 7, 9, 10, 12, 14, 15, 17, 19, 20, 22, 23, 24, 27, 28, 29, 57, 59, 63, 67, 72, 74, 76, 78, 81, 82, 104, 105, 106, 107, 118, 121, 123, 124, 164, 165, 166, 179, 183, 190, 207, 213]
  - Test 18 cubre: [2, 3, 4, 21, 22, 24, 27, 28, 29, 46, 56, 58, 73, 76, 78, 83, 84, 105, 106, 107, 128, 164, 196, 197, 198, 213]

Semilla 123: S = [2, 3, 4, 6, 7, 10, 12, 13, 15, 16, 17, 18]

  - Test 2 cubre: [1, 2, 4, 6, 7, 10, 57, 59, 60, 61, 62, 100, 101, 107, 110, 111, 117, 118, 136, 137, 141, 142, 143, 148, 154, 156, 157, 165, 166, 167, 168, 169, 179, 180, 181, 182, 183, 184, 185]
  - Test 3 cubre: [1, 2, 4, 7, 9, 10, 11, 12, 15, 57, 59, 63, 64, 65, 66, 100, 101, 107, 110, 112, 117, 118, 120, 121, 136, 138, 141, 144, 145, 149, 154, 156, 157, 165, 166, 170, 171, 172, 179, 180, 181, 182, 183, 186, 187]
  - Test 4 cubre: [1, 2, 4, 7, 9, 10, 12, 14, 15, 16, 17, 20, 57, 59, 63, 67, 68, 69, 70, 100, 101, 107, 110, 113, 117, 118, 120, 121, 122, 123, 136, 139, 141, 146, 147, 150, 154, 156, 157, 165, 166, 173, 174, 175, 179, 180, 181, 182, 183, 188, 189]
  - Test 6 cubre: [1, 2, 4, 7, 9, 10, 12, 14, 15, 17, 19, 20, 22, 23, 24, 27, 28, 29, 57, 59, 63, 67, 72, 74, 76, 78, 104, 105, 106, 107, 118, 121, 123, 124, 125, 133, 164, 165, 166, 179, 183, 190, 191, 193, 194, 195, 213]
  - Test 7 cubre: [1, 2, 4, 7, 9, 10, 12, 14, 15, 17, 19, 20, 55, 57, 59, 63, 67, 102, 104, 105, 106, 107, 110, 118, 121, 123, 124, 152, 158, 159, 160, 164, 165, 166, 179, 183, 190]
  - Test 10 cubre: [1, 2, 4, 7, 9, 10, 12, 14, 15, 17, 19, 20, 57, 59, 63, 67, 80, 100, 101, 107, 110, 114, 118, 121, 123, 124, 136, 140, 141, 151, 154, 156, 157, 165, 166, 176, 177, 178, 179, 180, 181, 182, 183, 190]
  - Test 12 cubre: [2, 3, 4, 21, 22, 24, 27, 28, 29, 46, 56, 58, 73, 76, 78, 105, 106, 107, 128, 129, 134, 164, 196, 197, 198, 199, 201, 202, 203, 213]
  - Test 13 cubre: [2, 3, 4, 21, 22, 24, 27, 28, 29, 46, 56, 58, 71, 73, 76, 78, 84, 105, 106, 107, 128, 164, 196, 197, 198, 213]
  - Test 15 cubre: [2, 3, 4, 22, 23, 24, 26, 27, 29, 56, 58, 72, 74, 75, 77, 85, 106, 107, 110, 127, 130, 131, 164, 204, 205, 206, 207]
  - Test 16 cubre: [2, 3, 4, 22, 23, 24, 26, 27, 29, 56, 58, 72, 74, 75, 77, 103, 106, 107, 110, 127, 130, 131, 153, 161, 162, 163, 164, 204, 205, 206, 207]
  - Test 17 cubre: [1, 2, 4, 7, 9, 10, 12, 14, 15, 17, 19, 20, 22, 23, 24, 27, 28, 29, 57, 59, 63, 67, 72, 74, 76, 78, 81, 82, 104, 105, 106, 107, 118, 121, 123, 124, 164, 165, 166, 179, 183, 190, 207, 213]
  - Test 18 cubre: [2, 3, 4, 21, 22, 24, 27, 28, 29, 46, 56, 58, 73, 76, 78, 83, 84, 105, 106, 107, 128, 164, 196, 197, 198, 213]

Semilla 7: S = [2, 3, 4, 6, 7, 9, 12, 13, 15, 16, 17, 18]

  - Test 2 cubre: [1, 2, 4, 6, 7, 10, 57, 59, 60, 61, 62, 100, 101, 107, 110, 111, 117, 118, 136, 137, 141, 142, 143, 148, 154, 156, 157, 165, 166, 167, 168, 169, 179, 180, 181, 182, 183, 184, 185]
  - Test 3 cubre: [1, 2, 4, 7, 9, 10, 11, 12, 15, 57, 59, 63, 64, 65, 66, 100, 101, 107, 110, 112, 117, 118, 120, 121, 136, 138, 141, 144, 145, 149, 154, 156, 157, 165, 166, 170, 171, 172, 179, 180, 181, 182, 183, 186, 187]
  - Test 4 cubre: [1, 2, 4, 7, 9, 10, 12, 14, 15, 16, 17, 20, 57, 59, 63, 67, 68, 69, 70, 100, 101, 107, 110, 113, 117, 118, 120, 121, 122, 123, 136, 139, 141, 146, 147, 150, 154, 156, 157, 165, 166, 173, 174, 175, 179, 180, 181, 182, 183, 188, 189]
  - Test 6 cubre: [1, 2, 4, 7, 9, 10, 12, 14, 15, 17, 19, 20, 22, 23, 24, 27, 28, 29, 57, 59, 63, 67, 72, 74, 76, 78, 104, 105, 106, 107, 118, 121, 123, 124, 125, 133, 164, 165, 166, 179, 183, 190, 191, 193, 194, 195, 213]
  - Test 7 cubre: [1, 2, 4, 7, 9, 10, 12, 14, 15, 17, 19, 20, 55, 57, 59, 63, 67, 102, 104, 105, 106, 107, 110, 118, 121, 123, 124, 152, 158, 159, 160, 164, 165, 166, 179, 183, 190]
  - Test 9 cubre: [1, 2, 4, 7, 9, 10, 12, 14, 15, 17, 19, 20, 57, 59, 63, 67, 80, 100, 101, 107, 110, 114, 136, 140, 141, 151, 154, 156, 157, 165, 166, 176, 177, 178, 179, 180, 181, 182, 183, 190]
  - Test 12 cubre: [2, 3, 4, 21, 22, 24, 27, 28, 29, 46, 56, 58, 73, 76, 78, 105, 106, 107, 128, 129, 134, 164, 196, 197, 198, 199, 201, 202, 203, 213]
  - Test 13 cubre: [2, 3, 4, 21, 22, 24, 27, 28, 29, 46, 56, 58, 71, 73, 76, 78, 84, 105, 106, 107, 128, 164, 196, 197, 198, 213]
  - Test 15 cubre: [2, 3, 4, 22, 23, 24, 26, 27, 29, 56, 58, 72, 74, 75, 77, 85, 106, 107, 110, 127, 130, 131, 164, 204, 205, 206, 207]
  - Test 16 cubre: [2, 3, 4, 22, 23, 24, 26, 27, 29, 56, 58, 72, 74, 75, 77, 103, 106, 107, 110, 127, 130, 131, 153, 161, 162, 163, 164, 204, 205, 206, 207]
  - Test 17 cubre: [1, 2, 4, 7, 9, 10, 12, 14, 15, 17, 19, 20, 22, 23, 24, 27, 28, 29, 57, 59, 63, 67, 72, 74, 76, 78, 81, 82, 104, 105, 106, 107, 118, 121, 123, 124, 164, 165, 166, 179, 183, 190, 207, 213]
  - Test 18 cubre: [2, 3, 4, 21, 22, 24, 27, 28, 29, 46, 56, 58, 73, 76, 78, 83, 84, 105, 106, 107, 128, 164, 196, 197, 198, 213]

Semilla 99: S = [2, 3, 4, 6, 7, 9, 12, 13, 14, 16, 17, 18]

  - Test 2 cubre: [1, 2, 4, 6, 7, 10, 57, 59, 60, 61, 62, 100, 101, 107, 110, 111, 117, 118, 136, 137, 141, 142, 143, 148, 154, 156, 157, 165, 166, 167, 168, 169, 179, 180, 181, 182, 183, 184, 185]
  - Test 3 cubre: [1, 2, 4, 7, 9, 10, 11, 12, 15, 57, 59, 63, 64, 65, 66, 100, 101, 107, 110, 112, 117, 118, 120, 121, 136, 138, 141, 144, 145, 149, 154, 156, 157, 165, 166, 170, 171, 172, 179, 180, 181, 182, 183, 186, 187]
  - Test 4 cubre: [1, 2, 4, 7, 9, 10, 12, 14, 15, 16, 17, 20, 57, 59, 63, 67, 68, 69, 70, 100, 101, 107, 110, 113, 117, 118, 120, 121, 122, 123, 136, 139, 141, 146, 147, 150, 154, 156, 157, 165, 166, 173, 174, 175, 179, 180, 181, 182, 183, 188, 189]
  - Test 6 cubre: [1, 2, 4, 7, 9, 10, 12, 14, 15, 17, 19, 20, 22, 23, 24, 27, 28, 29, 57, 59, 63, 67, 72, 74, 76, 78, 104, 105, 106, 107, 118, 121, 123, 124, 125, 133, 164, 165, 166, 179, 183, 190, 191, 193, 194, 195, 213]
  - Test 7 cubre: [1, 2, 4, 7, 9, 10, 12, 14, 15, 17, 19, 20, 55, 57, 59, 63, 67, 102, 104, 105, 106, 107, 110, 118, 121, 123, 124, 152, 158, 159, 160, 164, 165, 166, 179, 183, 190]
  - Test 9 cubre: [1, 2, 4, 7, 9, 10, 12, 14, 15, 17, 19, 20, 57, 59, 63, 67, 80, 100, 101, 107, 110, 114, 136, 140, 141, 151, 154, 156, 157, 165, 166, 176, 177, 178, 179, 180, 181, 182, 183, 190]
  - Test 12 cubre: [2, 3, 4, 21, 22, 24, 27, 28, 29, 46, 56, 58, 73, 76, 78, 105, 106, 107, 128, 129, 134, 164, 196, 197, 198, 199, 201, 202, 203, 213]
  - Test 13 cubre: [2, 3, 4, 21, 22, 24, 27, 28, 29, 46, 56, 58, 71, 73, 76, 78, 84, 105, 106, 107, 128, 164, 196, 197, 198, 213]
  - Test 14 cubre: [2, 3, 4, 22, 23, 24, 26, 27, 29, 56, 58, 72, 74, 75, 77, 85, 106, 107, 131, 164, 204, 205, 206, 213]
  - Test 16 cubre: [2, 3, 4, 22, 23, 24, 26, 27, 29, 56, 58, 72, 74, 75, 77, 103, 106, 107, 110, 127, 130, 131, 153, 161, 162, 163, 164, 204, 205, 206, 207]
  - Test 17 cubre: [1, 2, 4, 7, 9, 10, 12, 14, 15, 17, 19, 20, 22, 23, 24, 27, 28, 29, 57, 59, 63, 67, 72, 74, 76, 78, 81, 82, 104, 105, 106, 107, 118, 121, 123, 124, 164, 165, 166, 179, 183, 190, 207, 213]
  - Test 18 cubre: [2, 3, 4, 21, 22, 24, 27, 28, 29, 46, 56, 58, 73, 76, 78, 83, 84, 105, 106, 107, 128, 164, 196, 197, 198, 213]

Semilla 2024: S = [2, 3, 4, 6, 7, 10, 12, 13, 14, 16, 17, 18]

  - Test 2 cubre: [1, 2, 4, 6, 7, 10, 57, 59, 60, 61, 62, 100, 101, 107, 110, 111, 117, 118, 136, 137, 141, 142, 143, 148, 154, 156, 157, 165, 166, 167, 168, 169, 179, 180, 181, 182, 183, 184, 185]
  - Test 3 cubre: [1, 2, 4, 7, 9, 10, 11, 12, 15, 57, 59, 63, 64, 65, 66, 100, 101, 107, 110, 112, 117, 118, 120, 121, 136, 138, 141, 144, 145, 149, 154, 156, 157, 165, 166, 170, 171, 172, 179, 180, 181, 182, 183, 186, 187]
  - Test 4 cubre: [1, 2, 4, 7, 9, 10, 12, 14, 15, 16, 17, 20, 57, 59, 63, 67, 68, 69, 70, 100, 101, 107, 110, 113, 117, 118, 120, 121, 122, 123, 136, 139, 141, 146, 147, 150, 154, 156, 157, 165, 166, 173, 174, 175, 179, 180, 181, 182, 183, 188, 189]
  - Test 6 cubre: [1, 2, 4, 7, 9, 10, 12, 14, 15, 17, 19, 20, 22, 23, 24, 27, 28, 29, 57, 59, 63, 67, 72, 74, 76, 78, 104, 105, 106, 107, 118, 121, 123, 124, 125, 133, 164, 165, 166, 179, 183, 190, 191, 193, 194, 195, 213]
  - Test 7 cubre: [1, 2, 4, 7, 9, 10, 12, 14, 15, 17, 19, 20, 55, 57, 59, 63, 67, 102, 104, 105, 106, 107, 110, 118, 121, 123, 124, 152, 158, 159, 160, 164, 165, 166, 179, 183, 190]
  - Test 10 cubre: [1, 2, 4, 7, 9, 10, 12, 14, 15, 17, 19, 20, 57, 59, 63, 67, 80, 100, 101, 107, 110, 114, 118, 121, 123, 124, 136, 140, 141, 151, 154, 156, 157, 165, 166, 176, 177, 178, 179, 180, 181, 182, 183, 190]
  - Test 12 cubre: [2, 3, 4, 21, 22, 24, 27, 28, 29, 46, 56, 58, 73, 76, 78, 105, 106, 107, 128, 129, 134, 164, 196, 197, 198, 199, 201, 202, 203, 213]
  - Test 13 cubre: [2, 3, 4, 21, 22, 24, 27, 28, 29, 46, 56, 58, 71, 73, 76, 78, 84, 105, 106, 107, 128, 164, 196, 197, 198, 213]
  - Test 14 cubre: [2, 3, 4, 22, 23, 24, 26, 27, 29, 56, 58, 72, 74, 75, 77, 85, 106, 107, 131, 164, 204, 205, 206, 213]
  - Test 16 cubre: [2, 3, 4, 22, 23, 24, 26, 27, 29, 56, 58, 72, 74, 75, 77, 103, 106, 107, 110, 127, 130, 131, 153, 161, 162, 163, 164, 204, 205, 206, 207]
  - Test 17 cubre: [1, 2, 4, 7, 9, 10, 12, 14, 15, 17, 19, 20, 22, 23, 24, 27, 28, 29, 57, 59, 63, 67, 72, 74, 76, 78, 81, 82, 104, 105, 106, 107, 118, 121, 123, 124, 164, 165, 166, 179, 183, 190, 207, 213]
  - Test 18 cubre: [2, 3, 4, 21, 22, 24, 27, 28, 29, 46, 56, 58, 73, 76, 78, 83, 84, 105, 106, 107, 128, 164, 196, 197, 198, 213]


--- INFORMACIÓN DE LA MATRIZ ---
Antes del preprocesamiento  -> Tests: 19 | Requerimientos: 213
Después del preprocesamiento-> Tests: 18 | Requerimientos: 40

--- ESTADÍSTICOS FINALES (5 Semillas) ---
    TSSR    -> Media: 0.3684 | Min: 0.3684 | Max: 0.3684 | Std: 0.0000
    FDCLOSS -> Media: 0.0000 (Objetivo: 0.0000)
    Tamaño S-> Media: 12.0 tests
    Tiempo  -> Media: 0.001145s