Semilla 42: S = [2, 4, 8]

  - Test 2 cubre: [2, 3, 4, 6, 7, 8, 9, 10, 13, 16, 18, 27, 28, 29, 33, 34, 35, 36, 37, 38, 39, 40, 41, 45, 46, 47, 48, 49, 50, 51, 52, 53, 54]
  - Test 4 cubre: [2, 3, 5, 21, 23, 24, 26, 30, 32, 33, 34, 35, 42, 43, 44, 45, 46, 57, 58, 59, 60]
  - Test 8 cubre: [1, 2, 5, 10, 13, 19, 25, 27, 28, 31, 33, 34, 35, 36, 37, 38, 45, 46, 47, 48, 49, 50, 55, 56]

Semilla 123: S = [2, 4, 8]

  - Test 2 cubre: [2, 3, 4, 6, 7, 8, 9, 10, 13, 16, 18, 27, 28, 29, 33, 34, 35, 36, 37, 38, 39, 40, 41, 45, 46, 47, 48, 49, 50, 51, 52, 53, 54]
  - Test 4 cubre: [2, 3, 5, 21, 23, 24, 26, 30, 32, 33, 34, 35, 42, 43, 44, 45, 46, 57, 58, 59, 60]
  - Test 8 cubre: [1, 2, 5, 10, 13, 19, 25, 27, 28, 31, 33, 34, 35, 36, 37, 38, 45, 46, 47, 48, 49, 50, 55, 56]

Semilla 7: S = [1, 4, 7]

  - Test 1 cubre: [2, 3, 4, 10, 13, 19, 27, 28, 31, 33, 34, 35, 36, 37, 38, 45, 46, 47, 48, 49, 50, 55, 56]
  - Test 4 cubre: [2, 3, 5, 21, 23, 24, 26, 30, 32, 33, 34, 35, 42, 43, 44, 45, 46, 57, 58, 59, 60]
  - Test 7 cubre: [1, 2, 5, 6, 7, 8, 9, 10, 13, 16, 18, 25, 27, 28, 29, 33, 34, 35, 36, 37, 38, 39, 40, 41, 45, 46, 47, 48, 49, 50, 51, 52, 53, 54]

Semilla 99: S = [1, 4, 7]

  - Test 1 cubre: [2, 3, 4, 10, 13, 19, 27, 28, 31, 33, 34, 35, 36, 37, 38, 45, 46, 47, 48, 49, 50, 55, 56]
  - Test 4 cubre: [2, 3, 5, 21, 23, 24, 26, 30, 32, 33, 34, 35, 42, 43, 44, 45, 46, 57, 58, 59, 60]
  - Test 7 cubre: [1, 2, 5, 6, 7, 8, 9, 10, 13, 16, 18, 25, 27, 28, 29, 33, 34, 35, 36, 37, 38, 39, 40, 41, 45, 46, 47, 48, 49, 50, 51, 52, 53, 54]

Semilla 2024: S = [1, 4, 7]

  - Test 1 cubre: [2, 3, 4, 10, 13, 19, 27, 28, 31, 33, 34, 35, 36, 37, 38, 45, 46, 47, 48, 49, 50, 55, 56]
  - Test 4 cubre: [2, 3, 5, 21, 23, 24, 26, 30, 32, 33, 34, 35, 42, 43, 44, 45, 46, 57, 58, 59, 60]
  - Test 7 cubre: [1, 2, 5, 6, 7, 8, 9, 10, 13, 16, 18, 25, 27, 28, 29, 33, 34, 35, 36, 37, 38, 39, 40, 41, 45, 46, 47, 48, 49, 50, 51, 52, 53, 54]


--- INFORMACIÓN DE LA MATRIZ ---
Antes del preprocesamiento  -> Tests: 8 | Requerimientos: 60
Después del preprocesamiento-> Tests: 8 | Requerimientos: 12

--- ESTADÍSTICOS FINALES (5 Semillas) ---
    TSSR    -> Media: 0.6250 | Min: 0.6250 | Max: 0.6250 | Std: 0.0000
    FDCLOSS -> Media: 0.0000 (Objetivo: 0.0000)
    Tamaño S-> Media: 3.0 tests
    Tiempo  -> Media: 0.000411s